.Plot3d.par <-
structure(list(data = structure(list(income = c(12351L, 25879L, 
9271L, 8865L, 8403L, 11030L, 8258L, 14163L, 11377L, 11023L, 5902L, 
7059L, 8425L, 8049L, 7405L, 6336L, 19263L, 6112L, 9593L, 4686L, 
12480L, 5648L, 8034L, 25308L, 14558L, 17498L, 4614L, 3485L, 5092L, 
10432L, 5180L, 6197L, 7562L, 4036L, 3148L, 4348L, 2448L, 4330L, 
4761L, 3016L, 2901L, 5511L, 3739L, 3161L, 4741L, 5052L, 6259L, 
4075L, 7482L, 8780L, 2594L, 2370L, 8131L, 6992L, 7956L, 8895L, 
8891L, 3116L, 3930L, 7869L, 3000L, 3472L, 3582L, 1656L, 6860L, 
4199L, 5134L, 5134L, 1890L, 4443L, 3485L, 8043L, 6686L, 6565L, 
6477L, 5811L, 6573L, 3942L, 5449L, 2847L, 5795L, 7716L, 4696L, 
8316L, 7147L, 8880L, 5299L, 5959L, 4549L, 6928L, 3910L, 14032L, 
8845L, 5562L, 4224L, 4753L, 6462L, 3617L), education = c(13.11, 
12.26, 12.77, 11.42, 14.62, 15.64, 15.09, 15.44, 14.52, 14.64, 
12.39, 12.3, 13.83, 14.44, 14.36, 14.21, 15.77, 14.15, 15.22, 
14.5, 15.97, 13.62, 15.08, 15.96, 15.94, 14.71, 12.46, 9.45, 
13.62, 15.21, 12.79, 11.09, 12.71, 11.59, 11.49, 11.32, 10.64, 
11.36, 9.17, 12.09, 11.04, 9.22, 10.07, 10.51, 11.2, 11.13, 11.43, 
11, 9.84, 11.13, 10.05, 9.93, 11.6, 11.09, 11.03, 9.47, 10.93, 
7.74, 8.5, 10.57, 7.33, 7.11, 7.58, 8.6, 8.88, 7.54, 7.64, 7.64, 
7.42, 6.69, 6.74, 10.09, 8.81, 8.4, 7.92, 8.43, 8.78, 8.76, 10.29, 
6.38, 8.1, 10.1, 6.67, 9.05, 9.93, 8.24, 6.92, 6.6, 7.81, 8.33, 
7.52, 12.27, 8.49, 7.58, 7.93, 8.37, 10, 8.55), prestige = c(68.8, 
69.1, 63.4, 56.8, 73.5, 77.6, 72.6, 78.1, 73.1, 68.8, 62, 60, 
53.8, 62.2, 74.9, 55.1, 82.3, 58.1, 58.3, 72.8, 84.6, 59.6, 66.1, 
87.2, 66.7, 68.4, 64.7, 34.9, 72.1, 69.3, 67.5, 57.2, 57.6, 46, 
41.9, 49.4, 42.3, 47.7, 30.9, 32.7, 38.7, 36.1, 37.2, 38.1, 29.4, 
51.1, 35.7, 35.6, 41.5, 40.2, 26.5, 23.3, 47.3, 47.1, 51.1, 43.5, 
51.6, 29.7, 20.2, 54.9, 20.8, 17.3, 20.1, 21.5, 35.3, 38.9, 25.2, 
34.8, 23.2, 33.3, 28.8, 42.5, 44.2, 35.9, 41.8, 35.9, 43.7, 50.8, 
37.2, 28.2, 38.1, 50.3, 27.3, 40.9, 50.2, 51.1, 38.9, 36.2, 29.9, 
42.9, 26.5, 66.1, 48.9, 35.9, 25.1, 26.1, 42.2, 35.2), type = structure(c(2L, 
2L, 2L, 2L, 2L, 2L, 2L, 2L, 2L, 2L, 2L, 2L, 2L, 2L, 2L, 2L, 2L, 
2L, 2L, 2L, 2L, 2L, 2L, 2L, 2L, 2L, 2L, 1L, 2L, 2L, 3L, 2L, 3L, 
3L, 3L, 3L, 3L, 3L, 3L, 3L, 3L, 3L, 3L, 3L, 3L, 3L, 3L, 3L, 3L, 
3L, 3L, 1L, 3L, 3L, 3L, 1L, 1L, 1L, 1L, 1L, 1L, 1L, 1L, 1L, 1L, 
1L, 1L, 1L, 1L, 1L, 1L, 1L, 1L, 1L, 1L, 1L, 1L, 1L, 1L, 1L, 1L, 
1L, 1L, 1L, 1L, 1L, 1L, 1L, 1L, 1L, 1L, 2L, 1L, 1L, 1L, 1L, 1L, 
1L), .Label = c("bc", "prof", "wc"), class = "factor")), .Names = c("income", 
"education", "prestige", "type"), terms = quote(income ~ education + 
    prestige + type), row.names = c("GOV.ADMINISTRATORS", "GENERAL.MANAGERS", 
"ACCOUNTANTS", "PURCHASING.OFFICERS", "CHEMISTS", "PHYSICISTS", 
"BIOLOGISTS", "ARCHITECTS", "CIVIL.ENGINEERS", "MINING.ENGINEERS", 
"SURVEYORS", "DRAUGHTSMEN", "COMPUTER.PROGRAMERS", "ECONOMISTS", 
"PSYCHOLOGISTS", "SOCIAL.WORKERS", "LAWYERS", "LIBRARIANS", "VOCATIONAL.COUNSELLORS", 
"MINISTERS", "UNIVERSITY.TEACHERS", "PRIMARY.SCHOOL.TEACHERS", 
"SECONDARY.SCHOOL.TEACHERS", "PHYSICIANS", "VETERINARIANS", "OSTEOPATHS.CHIROPRACTORS", 
"NURSES", "NURSING.AIDES", "PHYSIO.THERAPSTS", "PHARMACISTS", 
"MEDICAL.TECHNICIANS", "COMMERCIAL.ARTISTS", "RADIO.TV.ANNOUNCERS", 
"SECRETARIES", "TYPISTS", "BOOKKEEPERS", "TELLERS.CASHIERS", 
"COMPUTER.OPERATORS", "SHIPPING.CLERKS", "FILE.CLERKS", "RECEPTIONSTS", 
"MAIL.CARRIERS", "POSTAL.CLERKS", "TELEPHONE.OPERATORS", "COLLECTORS", 
"CLAIM.ADJUSTORS", "TRAVEL.CLERKS", "OFFICE.CLERKS", "SALES.SUPERVISORS", 
"COMMERCIAL.TRAVELLERS", "SALES.CLERKS", "SERVICE.STATION.ATTENDANT", 
"INSURANCE..AGENTS", "REAL.ESTATE.SALESMEN", "BUYERS", "FIREFIGHTERS", 
"POLICEMEN", "COOKS", "BARTENDERS", "FUNERAL.DIRECTORS", "LAUNDERERS", 
"JANITORS", "ELEVATOR.OPERATORS", "FARM.WORKERS", "ROTARY.WELL.DRILLERS", 
"BAKERS", "SLAUGHTERERS.1", "SLAUGHTERERS.2", "CANNERS", "TEXTILE.WEAVERS", 
"TEXTILE.LABOURERS", "TOOL.DIE.MAKERS", "MACHINISTS", "SHEET.METAL.WORKERS", 
"WELDERS", "AUTO.WORKERS", "AIRCRAFT.WORKERS", "ELECTRONIC.WORKERS", 
"RADIO.TV.REPAIRMEN", "SEWING.MACH.OPERATORS", "AUTO.REPAIRMEN", 
"AIRCRAFT.REPAIRMEN", "RAILWAY.SECTIONMEN", "ELECTRICAL.LINEMEN", 
"ELECTRICIANS", "CONSTRUCTION.FOREMEN", "CARPENTERS", "MASONS", 
"HOUSE.PAINTERS", "PLUMBERS", "CONSTRUCTION.LABOURERS", "PILOTS", 
"TRAIN.ENGINEERS", "BUS.DRIVERS", "TAXI.DRIVERS", "LONGSHOREMEN", 
"TYPESETTERS", "BOOKBINDERS"), class = "data.frame", na.action = structure(c(34L, 
53L, 63L, 67L), .Names = c("ATHLETES", "NEWSBOYS", "BABYSITTERS", 
"FARMERS"), class = "omit")), names = structure(c("income", "education", 
"prestige", "type"), .Names = c("y", "x", "z", "g")), has.groups = TRUE, 
    col = c("blue", "green", "orange", "magenta", "cyan", "red", 
    "yellow", "gray"), abox = c(6.14025, 16.20975, 1050.425, 
    26484.575, 15.5525, 88.9475), size = 0.401013109864732), .Names = c("data", 
"names", "has.groups", "col", "abox", "size"))
